kinematics:
  shoulder:
    x: 0
    y: 0
    z: 0.1622798694259433
    roll: -0
    pitch: 0
    yaw: -3.8814018046682724e-08
  upper_arm:
    x: 6.9302438290010291e-05
    y: 0
    z: 0
    roll: 1.5697734768713101
    pitch: 0
    yaw: -2.345674549264487e-06
  forearm:
    x: -0.42524297143722445
    y: 0
    z: 0
    roll: 3.141330740714757
    pitch: 3.1404077739337248
    yaw: 3.1415868640531901
  wrist_1:
    x: -0.39215204157836198
    y: -0.00037706410596431949
    z: 0.13404950609451663
    roll: 0.0028128646086031908
    pitch: 0.0011474836753686808
    yaw: -1.1865642716030526e-06
  wrist_2:
    x: -9.308917656860403e-06
    y: -0.09970514901257499
    z: 6.0049454293388255e-05
    roll: 1.5701940565247299
    pitch: 0
    yaw: 8.8308013418139316e-08
  wrist_3:
    x: 0.00012633865951253059
    y: 0.099559855790747956
    z: 7.2479321134336186e-05
    roll: 1.5715243241162513
    pitch: 3.1415926535897931
    yaw: 3.1415920209922104
  hash: calib_459357542558939025